0, -0.000000 
1, -0.136886 
2, -0.141111 
3, -0.145972 
4, -0.151511 
5, -0.157723 
6, -0.164571 
7, -0.171994 
8, -0.179915 
9, -0.188254 
10, -0.196936 
11, -0.205896 
12, -0.215086 
13, -0.224470 
14, -0.234016 
15, -0.243699 
16, -0.253493 
17, -0.263374 
18, -0.273333 
19, -0.283392 
20, -0.293625 
21, -0.300918 
22, -0.301030 
23, -0.301030 
24, -0.301030 
25, -0.301030 
26, -0.301031 
27, -0.301033 
28, -0.301039 
29, -0.301059 
30, -0.301116 
31, -0.301287 
32, -0.301802 
33, -0.303342 
34, -0.307937 
35, -0.321435 
36, -0.358206 
37, -0.396444 
38, -0.407475 
39, -0.415668 
40, -0.423274 
41, -0.431223 
42, -0.440002 
43, -0.449928 
44, -0.461264 
45, -0.474312 
46, -0.489566 
47, -0.508170 
48, -0.534138 
49, -0.557296 
50, -0.563585 
51, -0.568903 
52, -0.573837 
53, -0.578647 
54, -0.583478 
55, -0.588450 
56, -0.593718 
57, -0.599539 
58, -0.602040 
59, -0.602060 
60, -0.602060 
61, -0.602060 
62, -0.602060 
63, -0.602060 
64, -0.602060 
65, -0.602060 
66, -0.602061 
67, -0.602064 
68, -0.602071 
69, -0.602093 
70, -0.602158 
71, -0.602354 
72, -0.602943 
73, -0.604701 
74, -0.609915 
75, -0.625018 
76, -0.665908 
77, -0.690113 
78, -0.709687 
79, -0.729935 
80, -0.753951 
81, -0.787027 
82, -0.800104 
83, -0.809621 
84, -0.818679 
85, -0.828118 
86, -0.838387 
87, -0.849542 
88, -0.860122 
89, -0.868312 
90, -0.874766 
91, -0.880128 
92, -0.884733 
93, -0.888850 
94, -0.892720 
95, -0.896556 
96, -0.900301 
97, -0.902201 
98, -0.903087 
99, -0.903090 
100, -0.903090 
101, -0.903090 
102, -0.903090 
103, -0.903090 
104, -0.903090 
105, -0.903090 
106, -0.903090 
107, -0.903090 
108, -0.903090 
109, -0.903091 
110, -0.903093 
111, -0.903099 
112, -0.903118 
113, -0.903174 
114, -0.903341 
115, -0.903843 
116, -0.905340 
117, -0.909775 
118, -0.922557 
119, -0.957273 
120, -0.980233 
121, -1.004639 
122, -1.025505 
123, -1.032983 
124, -1.040689 
125, -1.049475 
126, -1.058916 
127, -1.065027 
128, -1.068806 
129, -1.072521 
130, -1.076763 
131, -1.081720 
132, -1.087263 
133, -1.091927 
134, -1.093430 
135, -1.094632 
136, -1.096394 
137, -1.098922 
138, -1.102289 
139, -1.106494 
140, -1.111344 
141, -1.114897 
142, -1.114259 
143, -1.113666 
144, -1.113668 
145, -1.114380 
146, -1.115836 
147, -1.118035 
148, -1.120943 
149, -1.124465 
150, -1.128353 
151, -1.131954 
152, -1.134203 
153, -1.134920 
154, -1.134794 
155, -1.134361 
156, -1.133962 
157, -1.133811 
158, -1.134033 
159, -1.134697 
160, -1.135834 
161, -1.137450 
162, -1.139529 
163, -1.142030 
164, -1.144877 
165, -1.147913 
166, -1.150750 
167, -1.152235 
168, -1.151303 
169, -1.149843 
170, -1.148634 
171, -1.147845 
172, -1.147533 
173, -1.147725 
174, -1.148430 
175, -1.149645 
176, -1.151357 
177, -1.153541 
178, -1.156149 
179, -1.159077 
180, -1.162025 
181, -1.163961 
182, -1.163826 
183, -1.162987 
184, -1.162131 
185, -1.161452 
186, -1.161028 
187, -1.160897 
188, -1.161074 
189, -1.161560 
190, -1.162343 
191, -1.163397 
192, -1.164679 
193, -1.166122 
194, -1.167631 
195, -1.169076 
196, -1.170323 
197, -1.171287 
198, -1.171976 
199, -1.172454 
200, -1.172785 
201, -1.173016 
202, -1.173171 
203, -1.173260 
204, -1.173291 
205, -1.173280 
206, -1.173255 
207, -1.173258 
208, -1.173329 
209, -1.173508 
210, -1.173823 
211, -1.174293 
212, -1.174930 
213, -1.175736 
214, -1.176706 
215, -1.177823 
216, -1.179063 
217, -1.180377 
218, -1.181681 
219, -1.182805 
220, -1.183412 
221, -1.183174 
222, -1.182425 
223, -1.181606 
224, -1.180886 
225, -1.180333 
226, -1.179981 
227, -1.179845 
228, -1.179933 
229, -1.180249 
230, -1.180790 
231, -1.181551 
232, -1.182520 
233, -1.183684 
234, -1.185016 
235, -1.186474 
236, -1.187955 
237, -1.189154 
238, -1.189520 
239, -1.189300 
240, -1.188939 
241, -1.188584 
242, -1.188290 
243, -1.188085 
244, -1.187985 
245, -1.187995 
246, -1.188118 
247, -1.188349 
248, -1.188682 
249, -1.189103 
250, -1.189592 
251, -1.190122 
252, -1.190657 
253, -1.191156 
254, -1.191587 
255, -1.191942 
256, -1.192240 
257, -1.192509 
258, -1.192775 
259, -1.193056 
260, -1.193364 
261, -1.193701 
262, -1.194066 
263, -1.194449 
264, -1.194835 
265, -1.195194 
266, -1.195485 
267, -1.195661 
268, -1.195700 
269, -1.195638 
270, -1.195537 
271, -1.195442 
272, -1.195382 
273, -1.195373 
274, -1.195425 
275, -1.195544 
276, -1.195730 
277, -1.195985 
278, -1.196306 
279, -1.196688 
280, -1.197125 
281, -1.197605 
282, -1.198109 
283, -1.198596 
284, -1.198979 
285, -1.199160 
286, -1.199186 
287, -1.199156 
288, -1.199120 
289, -1.199101 
290, -1.199109 
291, -1.199151 
292, -1.199230 
293, -1.199346 
294, -1.199500 
295, -1.199689 
296, -1.199911 
297, -1.200161 
298, -1.200430 
299, -1.200704 
300, -1.200961 
301, -1.201166 
302, -1.201304 
303, -1.201391 
304, -1.201453 
305, -1.201508 
306, -1.201565 
307, -1.201631 
308, -1.201709 
309, -1.201800 
310, -1.201905 
311, -1.202024 
312, -1.202155 
313, -1.202296 
314, -1.202444 
315, -1.202592 
316, -1.202732 
317, -1.202850 
318, -1.202943 
319, -1.203015 
320, -1.203076 
321, -1.203132 
322, -1.203188 
323, -1.203245 
324, -1.203306 
325, -1.203371 
326, -1.203440 
327, -1.203514 
328, -1.203592 
329, -1.203673 
330, -1.203755 
331, -1.203830 
332, -1.203889 
333, -1.203934 
334, -1.203971 
335, -1.204004 
336, -1.204033 
337, -1.204061 
338, -1.204088 
339, -1.204114 
340, -1.204120 
341, -1.204120 
342, -1.204120 
343, -1.204120 
344, -1.204120 
345, -1.204121 
346, -1.204123 
347, -1.204129 
348, -1.204148 
349, -1.204203 
350, -1.204361 
351, -1.204769 
352, -1.205435 
353, -1.204368 
354, -1.204372 
355, -1.206536 
356, -1.210776 
357, -1.216512 
358, -1.215792 
359, -1.209435 
360, -1.205828 
361, -1.204560 
362, -1.205531 
363, -1.208647 
364, -1.213751 
365, -1.220448 
366, -1.227207 
367, -1.222828 
368, -1.211846 
369, -1.203877 
370, -1.198426 
371, -1.195375 
372, -1.194653 
373, -1.196199 
374, -1.199945 
375, -1.205794 
376, -1.213556 
377, -1.222786 
378, -1.232068 
379, -1.234725 
380, -1.218927 
381, -1.205313 
382, -1.194376 
383, -1.186014 
384, -1.180153 
385, -1.176734 
386, -1.175708 
387, -1.177032 
388, -1.180663 
389, -1.186550 
390, -1.194615 
391, -1.204712 
392, -1.216524 
393, -1.229234 
394, -1.240087 
395, -1.236007 
396, -1.213339 
397, -1.194122 
398, -1.178155 
399, -1.165234 
400, -1.155214 
401, -1.147981 
402, -1.143446 
403, -1.141539 
404, -1.142207 
405, -1.145406 
406, -1.151100 
407, -1.159248 
408, -1.169790 
409, -1.182615 
410, -1.197485 
411, -1.213854 
412, -1.230315 
413, -1.242749 
414, -1.240030 
415, -1.219955 
416, -1.197543 
417, -1.176919 
418, -1.158862 
419, -1.143545 
420, -1.130983 
421, -1.121143 
422, -1.113980 
423, -1.109452 
424, -1.107522 
425, -1.108161 
426, -1.111347 
427, -1.117061 
428, -1.125283 
429, -1.135981 
430, -1.149095 
431, -1.164506 
432, -1.181958 
433, -1.200894 
434, -1.220024 
435, -1.236185 
436, -1.242333 
437, -1.232656 
438, -1.214261 
439, -1.194148 
440, -1.174940 
441, -1.157606 
442, -1.142515 
443, -1.129794 
444, -1.119458 
445, -1.111470 
446, -1.105765 
447, -1.102260 
448, -1.100855 
449, -1.101435 
450, -1.103860 
451, -1.107969 
452, -1.113568 
453, -1.120441 
454, -1.128352 
455, -1.137071 
456, -1.146390 
457, -1.156132 
458, -1.166139 
459, -1.176235 
460, -1.186173 
461, -1.195587 
462, -1.203968 
463, -1.210714 
464, -1.215282 
465, -1.217422 
466, -1.217289 
467, -1.215329 
468, -1.212055 
469, -1.207900 
470, -1.203176 
471, -1.198096 
472, -1.192802 
473, -1.187399 
474, -1.181969 
475, -1.176575 
476, -1.171247 
477, -1.165974 
478, -1.160690 
479, -1.155286 
480, -1.149627 
481, -1.143600 
482, -1.137173 
483, -1.130450 
484, -1.123677 
485, -1.117206 
486, -1.111418 
487, -1.106666 
488, -1.103239 
489, -1.101359 
490, -1.101187 
491, -1.102833 
492, -1.106372 
493, -1.111848 
494, -1.119274 
495, -1.128637 
496, -1.139882 
497, -1.152896 
498, -1.167469 
499, -1.183235 
500, -1.199557 
501, -1.215353 
502, -1.228839 
503, -1.237297 
504, -1.237398 
505, -1.227072 
506, -1.208036 
507, -1.184518 
508, -1.159927 
509, -1.136115 
510, -1.113972 
511, -1.093919 
512, -1.076157 
513, -1.060784 
514, -1.047851 
515, -1.037386 
516, -1.029410 
517, -1.023938 
518, -1.020986 
519, -1.020570 
520, -1.022711 
521, -1.027431 
522, -1.034754 
523, -1.044709 
524, -1.057317 
525, -1.072589 
526, -1.090508 
527, -1.110990 
528, -1.133814 
529, -1.158477 
530, -1.183891 
531, -1.207828 
532, -1.226308 
533, -1.234493 
534, -1.230507 
535, -1.217065 
536, -1.198381 
537, -1.177806 
538, -1.157428 
539, -1.138399 
540, -1.121301 
541, -1.106400 
542, -1.093796 
543, -1.083498 
544, -1.075469 
545, -1.069642 
546, -1.065927 
547, -1.064213 
548, -1.064363 
549, -1.066200 
550, -1.069503 
551, -1.073993 
552, -1.079326 
553, -1.085109 
554, -1.090940 
555, -1.096473 
556, -1.101503 
557, -1.106005 
558, -1.110101 
559, -1.113989 
560, -1.117855 
561, -1.121826 
562, -1.125938 
563, -1.130141 
564, -1.134304 
565, -1.138246 
566, -1.141792 
567, -1.144834 
568, -1.147392 
569, -1.149632 
570, -1.151825 
571, -1.154273 
572, -1.157253 
573, -1.160969 
574, -1.165541 
575, -1.171000 
576, -1.177277 
577, -1.184192 
578, -1.191421 
579, -1.198464 
580, -1.204592 
581, -1.208810 
582, -1.209867 
583, -1.206367 
584, -1.197042 
585, -1.181328 
586, -1.160187 
587, -1.136152 
588, -1.111965 
589, -1.089428 
590, -1.069416 
591, -1.052261 
592, -1.038043 
593, -1.026734 
594, -1.018264 
595, -1.012545 
596, -1.009485 
597, -1.008988 
598, -1.010954 
599, -1.015264 
600, -1.021781 
601, -1.030325 
602, -1.040662 
603, -1.052490 
604, -1.065434 
605, -1.079062 
606, -1.092943 
607, -1.106717 
608, -1.120150 
609, -1.133125 
610, -1.145577 
611, -1.157398 
612, -1.168351 
613, -1.178010 
614, -1.185736 
615, -1.190751 
616, -1.192364 
617, -1.190337 
618, -1.185160 
619, -1.177900 
620, -1.169746 
621, -1.161669 
622, -1.154338 
623, -1.148169 
624, -1.143395 
625, -1.140127 
626, -1.138385 
627, -1.138119 
628, -1.139212 
629, -1.141476 
630, -1.144633 
631, -1.148297 
632, -1.151947 
633, -1.154946 
634, -1.156605 
635, -1.156339 
636, -1.153845 
637, -1.149186 
638, -1.142701 
639, -1.134853 
640, -1.126109 
641, -1.116887 
642, -1.107549 
643, -1.098426 
644, -1.089822 
645, -1.082021 
646, -1.075277 
647, -1.069807 
648, -1.065783 
649, -1.063334 
650, -1.062545 
651, -1.063460 
652, -1.066085 
653, -1.070383 
654, -1.076271 
655, -1.083611 
656, -1.092197 
657, -1.101751 
658, -1.111928 
659, -1.122340 
660, -1.132614 
661, -1.142470 
662, -1.151776 
663, -1.160540 
664, -1.168843 
665, -1.176743 
666, -1.184200 
667, -1.191032 
668, -1.196879 
669, -1.201203 
670, -1.203343 
671, -1.202678 
672, -1.198873 
673, -1.192077 
674, -1.182857 
675, -1.171921 
676, -1.159897 
677, -1.147266 
678, -1.134399 
679, -1.121607 
680, -1.109139 
681, -1.097183 
682, -1.085881 
683, -1.075337 
684, -1.065627 
685, -1.056794 
686, -1.048860 
687, -1.041826 
688, -1.035684 
689, -1.030424 
690, -1.026053 
691, -1.022603 
692, -1.020136 
693, -1.018738 
694, -1.018509 
695, -1.019547 
696, -1.021940 
697, -1.025756 
698, -1.031044 
699, -1.037828 
700, -1.046109 
701, -1.055863 
702, -1.067046 
703, -1.079576 
704, -1.093325 
705, -1.108103 
706, -1.123629 
707, -1.139482 
708, -1.155070 
709, -1.169617 
710, -1.182185 
711, -1.191742 
712, -1.197363 
713, -1.198513 
714, -1.195264 
715, -1.188325 
716, -1.178802 
717, -1.167824 
718, -1.156314 
719, -1.144938 
720, -1.134158 
721, -1.124282 
722, -1.115516 
723, -1.107993 
724, -1.101801 
725, -1.096993 
726, -1.093596 
727, -1.091607 
728, -1.090999 
729, -1.091709 
730, -1.093639 
731, -1.096642 
732, -1.100517 
733, -1.104999 
734, -1.109753 
735, -1.114387 
736, -1.118479 
737, -1.121620 
738, -1.123468 
739, -1.123794 
740, -1.122548 
741, -1.119914 
742, -1.116296 
743, -1.112225 
744, -1.108243 
745, -1.104817 
746, -1.102304 
747, -1.100953 
748, -1.100920 
749, -1.102285 
